                     2      2.00000000000000000000000000000000
                     3      1.50000000000000000000000000000000
                     5      1.66666666666666666666666666666667
                     8      1.60000000000000000000000000000000
                    13      1.62500000000000000000000000000000
                    21      1.61538461538461538461538461538462
                    34      1.61904761904761904761904761904762
                    55      1.61764705882352941176470588235294
                    89      1.61818181818181818181818181818182
                   144      1.61797752808988764044943820224719
                   233      1.61805555555555555555555555555556
                   377      1.61802575107296137339055793991416
                   610      1.61803713527851458885941644562334
                   987      1.61803278688524590163934426229508
                  1597      1.61803444782168186423505572441743
                  2584      1.61803381340012523481527864746400
                  4181      1.61803405572755417956656346749226
                  6765      1.61803396316670652953838794546759
                 10946      1.61803399852180339985218033998522
                 17711      1.61803398501735793897314087337840
                 28657      1.61803399017559708655637739258088
                 46368      1.61803398820532505147084481976480
                 75025      1.61803398895790200138026224982747
                121393      1.61803398867044318560479840053316
                196418      1.61803398878024268285650737686687
                317811      1.61803398873830300685273243796393
                514229      1.61803398875432253760883040549257
                832040      1.61803398874820362134379819107829
               1346269      1.61803398875054083938272198451997
               2178309      1.61803398874964810153097189343289
               3524578      1.61803398874998909704729677929073
               5702887      1.61803398874985884835007198024842
               9227465      1.61803398874990859892542145758806
              14930352      1.61803398874988959589659781966120
              24157817      1.61803398874989685440771925537991
              39088169      1.61803398874989408190317858604525
              63245986      1.61803398874989514090567915831514
             102334155      1.61803398874989473640271811083790
             165580141      1.61803398874989489090910068099942
             267914296      1.61803398874989483189291401799205
             433494437      1.61803398874989485443509143685263
             701408733      1.61803398874989484582474584327826
            1134903170      1.61803398874989484911360520514078
            1836311903      1.61803398874989484785737271312759
            2971215073      1.61803398874989484833721082730465
            4807526976      1.61803398874989484815392897678666
            7778742049      1.61803398874989484822393641416356
           12586269025      1.61803398874989484819719595255086
